125,304
69,211
56,594
55,1091
55,545
276,586
335,530
151,741
52,1171
193,348
193,1305
193,1279
193,1288
51,96
51,70
88,1075
177,541
201,1164
50,236
231,1305
231,1279
231,1288
6,527
6,816
6,1237
149,471
149,620
149,29
149,141
227,18
227,12
227,362
227,495
227,77
47,241
47,379
125,230
46,230
46,5
110,47
44,1266
14,289
14,96
14,1075
43,1071
43,62
43,162
41,876
41,96
39,46
219,1159
36,348
36,518
36,1071
145,400
145,1268
29,400
29,1268
216,400
216,1268
13,46
13,620
124,30
12,46
12,489
12,171
12,289
12,141
19,876
19,650
144,96
69,701
10,1135
10,568
10,700
10,520
9,258
8,1171
8,984
16,40
305,594
142,741
24,880
65,471
65,620
65,1164
63,296
204,674
204,482
120,436
22,62
60,1125
60,47
109,267
163,258
118,289
281,25
10,939
60,436
125,212
46,212
19,460
6,655
18,1158
19,578
10,514
9,514
163,495
34,1071
28,350
50,534
50,280
165,734
165,787
262,20
222,20
28,312
65,683
201,683
83,683
83,1164
310,312
65,49
108,300
10,300
30,300
56,300
268,300
265,300
263,300
193,300
160,300
127,300
222,300
43,300
308,300
28,300
121,300
120,300
194,1083
124,1083
10,136
263,143
47,62
225,504
225,40
29,1134
55,553
55,337
112,300
112,348
112,29
112,30
112,375
112,289
112,283
112,1216
135,1216
135,289
135,375
135,348
204,196
150,373
106,441
30,212
14,66
118,126
157,527
88,495
199,133
150,133
34,133
72,133
71,133
25,333
7,78
18,276
9,954
204,236
314,62
125,227
88,171
194,64
231,64
38,1171
38,627
39,627
8,627
37,627
10,125
146,518
88,18
51,18
146,18
146,29
51,29
88,29
110,312
140,541
12,96
154,836
154,1237
6,541
11,171
135,30
135,15
13,15
135,1071
18,191
14,1134
69,305
13,1071
14,1253
24,29
14,1083
19,232
124,96
88,1125
177,508
379,441
88,1071
37,1171
39,1171
1,527
1,1213
316,461
30,330
280,330
77,330
149,312
112,1071
343,62
343,77
197,1158
159,390
114,462
84,577
42,577
25,447
63,447
37,7
14,139
14,312
14,62
93,80
28,5
19,592
362,312
60,417
22,300
13,1071
13,30
12,1071
12,30
88,427
88,735
13,951
13,870
19,1295
19,431
117,620
55,541
52,984
194,280
88,518
79,622
79,898
5,541
78,360
149,47
227,360
126,360
168,406
125,150
46,150
222,1131
43,139
150,727
75,541
158,460
13,96
12,541
8,568
8,631
63,541
22,1131
22,13
1,79
7,97
7,258
10,1266
24,1266
18,147
18,268
154,607
154,539
154,812
154,816
154,157
267,436
22,436
7,1052
55,1052
210,592
25,592
79,296
19,236
1,703
16,307
280,503
30,503
119,471
7,1086
59,471
117,471
14,1211
163,471
46,227
8,433
39,984
106,95
117,289
88,96
118,471
7,471
149,1295
77,655
14,88
14,1053
194,508
193,280
56,62
46,143
46,133
42,984
37,984
38,984
117,1071
176,98
176,218
63,469
63,587
63,361
63,18
63,681
63,509
63,115
1,1260
88,360
79,360
28,62
65,550
65,389
219,806
227,361
8,365
168,1159
1,296
158,312
343,471
204,429
19,594
43,96
43,238
28,96
28,238
5,954
154,305
6,305
5,305
154,954
6,954
55,648
120,62
164,368
14,1120
204,1213
204,460
204,538
7,620
44,296
44,518
53,289
125,534
55,51
106,1281
1,704
145,384
145,258
149,13
158,133
92,349
23,520
5,816
5,157
135,1014
135,31
135,240
130,467
56,306
17,98
41,126
41,139
41,681
155,423
8,312
5,98
6,98
154,98
154,96
6,96
5,96
31,330
55,330
42,226
42,62
55,741
13,268
13,538
12,268
12,538
156,391
227,1241
88,1241
46,709
46,345
43,312
71,312
75,312
43,436
48,5
280,300
109,262
158,1071
78,1091
24,64
13,489
343,495
125,1134
46,1134
145,96
29,96
216,96
193,275
158,275
231,275
16,626
10,626
230,141
14,1301
343,422
130,13
48,520
5,178
191,18
191,1071
42,550
6,211
42,1171
421,507
85,507
223,1260
316,471
142,518
82,5
28,413
43,413
22,413
118,495
65,741
38,337
138,508
140,171
149,63
106,404
138,47
213,64
306,64
157,64
6,64
140,64
138,38
154,737
117,141
117,97
14,162
65,736
13,64
182,460
28,436
12,436
114,436
119,436
7,436
124,1071
60,98
39,344
60,224
146,96
138,875
14,467
165,564
117,12
222,60
176,310
37,1120
38,344
117,736
31,115
28,1047
106,259
223,38
46,527
357,236
357,40
5,698
88,694
56,64
75,1131
144,98
267,508
55,1131
5,75
56,529
116,63
71,587
9,1237
113,262
223,655
28,64
11,64
36,64
124,64
12,64
91,64
314,64
66,1052
63,8
136,45
10,495
202,227
60,951
343,82
14,82
75,133
222,133
48,227
216,443
29,443
48,443
82,443
55,443
56,443
120,443
158,443
75,443
75,578
158,578
7,131
119,131
24,125
28,306
227,206
51,495
146,495
88,67
327,98
201,360
201,384
46,1047
195,64
43,64
222,64
158,5
19,105
27,211
359,64
268,64
18,51
17,674
193,64
66,553
22,64
120,64
7,55
88,31
46,417
125,417
140,20
163,206
163,45
118,45
19,212
116,345
19,462
79,109
88,64
42,64
51,64
7,430
75,5
68,51
65,1052
216,230
43,5
120,5
114,122
71,20
28,20
28,139
71,139
158,139
75,139
125,1047
147,139
8,477
37,477
38,477
39,477
52,477
13,171
24,880
142,46
142,126
41,707
49,951
191,300
18,300
68,300
34,98
120,13
99,98
149,19
53,1071
19,502
65,206
63,187
63,218
18,95
71,63
55,139
276,98
137,13
46,1135
140,445
142,445
21,30
21,8
21,70
7,736
88,62
227,268
33,96
33,385
33,1267
33,102
33,960
78,960
335,960
37,960
8,960
204,671
314,741
4,741
272,741
10,674
55,162
75,162
158,162
28,162
117,861
50,694
50,284
50,1258
50,1288
50,337
50,648
50,406
65,594
65,297
78,60
28,187
88,384
227,230
33,230
2,230
307,230
223,230
23,143
1,1195
81,391
19,258
19,337
28,1071
7,422
51,495
46,133
125,133
21,131
140,131
166,11
166,62
30,365
13,698
36,96
295,388
106,674
125,345
24,700
68,276
28,82
180,360
48,49
155,49
7,180
77,327
138,105
210,520
114,1267
210,462
280,212
7,77
7,141
8,437
88,508
91,495
19,898
65,518
23,532
171,85
77,66
117,1052
162,1052
34,337
201,1039
41,327
168,591
24,1195
308,337
88,1213
31,1120
12,134
280,258
13,134
47,134
60,349
60,349
194,272
14,680
50,680
6,836
6,157
6,1277
97,131
243,131
243,349
216,349
368,96
368,81
18,454
46,312
125,312
149,1170
5,1170
29,678
88,733
28,63
158,63
43,63
9,55
252,918
6,629
230,46
199,1071
231,8
231,141
114,520
405,131
144,698
10,698
10,1170
10,692
165,674
50,1047
28,1047
19,1047
28,1293
28,1293
19,1293
46,1293
125,1293
59,427
343,47
88,431
24,211
14,241
65,430
11,430
78,1065
225,1065
12,49
13,49
216,5
9,626
134,711
132,711
132,711
46,711
213,711
204,711
425,389
18,275
14,95
16,1260
41,1236
28,141
28,518
28,13
28,216
28,348
43,141
43,518
43,306
43,13
43,216
43,348
120,1071
120,141
120,518
120,306
120,312
120,216
120,348
143,360
19,453
50,178
10,437
10,18
216,55
19,171
135,171
130,502
35,566
35,196
35,674
35,954
46,296
109,349
65,345
227,872
135,20
230,139
193,139
193,787
230,787
14,1047
14,442
114,60
305,60
357,741
310,40
314,40
314,508
310,508
81,169
128,169
113,169
55,545
223,388
223,703
6,471
6,433
6,872
46,337
125,337
36,259
169,259
169,502
36,502
6,312
142,348
77,348
78,348
223,792
19,704
143,872
71,349
59,1071
1,344
136,491
5,1125
138,20
200,46
200,1171
200,388
373,258
113,674
113,74
55,5
60,379
116,482
267,74
194,74
163,522
163,344
38,46
5,539
12,154
158,150
43,150
92,63
263,312
263,538
263,110
305,122
19,174
18,63
46,550
88,861
10,64
56,312
157,861
77,592
88,700
51,1125
146,1125
51,700
146,700
48,545
97,312
97,300
14,655
47,445
155,422
240,1071
240,96
47,674
36,15
36,18
65,96
309,480
114,131
88,101
53,1241
146,1241
51,1241
30,70
168,363
168,212
51,1071
51,1075
38,518
165,15
30,1029
9,983
80,29
49,30
149,30
9,169
10,169
79,1295
80,1295
81,1295
155,1295
80,553
80,578
35,1253
22,454
10,404
33,198
45,198
35,198
8,198
39,198
53,29
54,29
114,133
77,445
252,495
23,5
23,206
23,300
175,196
164,578
46,131
125,131
5,131
5,442
65,337
165,310
149,133
127,722
118,722
59,722
7,722
119,722
162,722
343,722
26,722
127,875
127,218
26,218
204,427
14,143
37,361
8,361
21,509
109,674
77,79
39,795
33,13
38,64
38,486
86,211
53,96
53,360
130,875
24,258
84,683
51,360
146,360
65,442
200,25
200,508
63,734
63,47
6,40
154,40
5,40
10,529
121,13
182,13
425,62
225,63
18,368
31,818
63,591
273,1241
1,373
17,626
63,620
58,74
50,1031
32,67
82,1235
48,1235
97,1111
262,110
262,312
262,300
110,761
158,1158
75,1158
13,239
37,29
38,29
39,29
38,96
38,101
39,101
39,96
52,96
52,101
173,345
21,520
140,520
21,312
357,211
8,143
149,507
49,507
109,162
132,75
125,1083
110,1108
47,330
193,1211
194,1211
13,30
165,20
46,312
48,312
124,735
13,735
140,735
6,19
43,60
9,951
91,823
79,707
80,707
81,707
155,707
156,707
193,8
39,110
39,64
10,133
63,191
280,138
55,429
169,674
138,508
158,1
190,872
25,1267
13,486
13,240
12,620
2,620
2,471
13,471
12,471
65,63
14,157
84,1071
22,139
24,176
55,482
37,482
63,193
316,139
46,1305
125,1305
65,98
65,591
9,1075
10,1075
216,417
1,105
69,125
27,125
27,674
165,422
143,74
110,49
39,38
39,1270
157,211
480,1075
480,1159
41,502
145,1247
106,310
106,96
48,47
155,47
23,49
23,360
23,686
19,553
123,674
162,823
65,983
69,415
216,98
216,101
29,101
29,98
134,674
132,674
19,503
199,162
65,77
69,96
30,678
306,412
362,5
42,389
11,984
168,312
65,1091
21,1134
36,40
35,46
126,994
138,63
166,655
11,373
132,8
219,20
309,1236
5,312
157,700
110,7
16,95
126,215
126,650
126,134
223,709
126,48
316,532
114,530
305,984
30,96
30,141
65,361
17,95
120,592
42,812
204,578
11,302
12,1083
126,312
144,707
144,1171
25,495
10,97
88,49
17,240
158,609
158,507
77,507
81,608
114,63
219,389
310,848
30,1120
140,384
46,466
169,31
36,134
36,215
191,11
230,11
199,11
231,11
71,131
9,11
19,878
52,700
56,280
60,954
143,312
255,1151
255,876
81,187
81,1195
1,681
150,141
79,1052
145,162
112,870
112,64
93,502
30,681
256,731
63,731
377,731
36,30
29,674
368,681
48,848
195,674
10,587
128,63
9,1235
10,1235
223,46
138,389
24,1107
24,1107
22,823
75,823
91,80
63,460
72,1235
10,566
37,453
37,93
50,467
30,1083
128,530
165,47
130,388
30,63
70,648
70,191
70,193
70,97
70,122
38,453
55,212
46,655
38,70
39,236
9,96
85,404
85,48
85,82
77,95
93,1106
14,848
109,74
55,1071
149,180
157,126
24,406
24,406
305,131
54,289
359,49
34,258
34,138
34,171
221,1125
52,1257
52,830
52,487
52,627
52,1261
52,24
52,495
247,1071
130,655
130,674
425,1256
240,180
305,63
37,1257
37,830
37,487
37,24
37,1261
154,1179
154,64
154,538
154,1125
154,541
120,36
120,350
19,196
19,88
19,348
19,1071
19,51
19,77
39,1257
39,830
39,487
39,1261
39,24
150,703
307,1256
345,870
18,136
18,469
24,154
55,379
55,1281
10,490
9,1091
175,126
8,518
8,24
8,830
8,1261
8,487
8,1257
165,1171
165,187
16,64
16,1237
121,880
142,700
142,520
65,939
63,25
63,574
63,818
63,566
204,70
204,1039
204,18
80,190
1,1071
1,18
38,830
38,1257
38,487
38,1261
38,24
46,348
46,1171
45,13
45,101
42,48
41,471
41,491
216,31
216,258
88,353
88,649
155,502
138,74
33,101
33,115
33,131
140,283
22,312
21,138
6,75
6,1125
60,64
60,196
343,180
343,983
56,139
56,654
85,20
82,654
79,187
79,502
5,836
77,49
227,5
227,375
14,700
14,433
14,75
75,63
75,1125
158,1125
13,1083
13,528
13,74
13,436
13,348
162,1071
59,1125
202,400
55,115
14,553
1,655
16,655
216,360
7,95
138,509
29,62
107,495
34,532
34,93
120,1265
121,330
80,502
126,703
124,375
124,848
163,283
29,312
2,330
343,78
55,297
168,649
43,297
12,330
59,283
59,674
118,283
117,283
117,404
7,283
7,47
7,469
166,412
16,45
16,98
47,244
11,49
405,1158
13,704
175,734
29,280
8,81
30,312
124,330
43,496
5,520
69,1107
223,466
37,171
38,171
63,297
150,18
31,819
42,96
17,631
46,703
125,703
88,707
51,707
146,707
81,586
138,951
39,171
52,171
28,1256
71,1256
158,1256
55,1256
43,654
25,232
25,162
25,640
29,1151
216,1151
183,1063
216,1111
343,823
175,650
142,122
109,430
223,353
53,353
43,703
19,75
106,694
63,196
7,441
81,1236
19,994
41,63
155,578
10,337
27,648
169,348
123,98
60,480
316,330
39,337
28,594
227,101
53,518
142,312
47,8
305,297
316,412
130,191
165,1071
28,486
118,674
13,674
13,259
13,258
65,239
55,143
219,1265
135,1184
47,572
28,529
43,529
66,1091
175,620
106,354
7,362
114,703
130,1171
227,878
306,258
135,472
29,349
240,686
43,848
60,984
223,503
17,40
17,236
11,171
27,122
216,889
116,79
72,587
9,508
10,508
9,568
36,1184
22,297
368,674
126,984
154,1277
24,212
225,1256
24,96
219,1075
51,139
63,1075
110,1075
5,607
6,607
22,349
71,96
193,178
194,178
194,139
46,300
125,709
405,471
73,1266
73,876
43,98
109,11
309,872
73,454
190,592
142,609
134,80
183,348
63,365
68,368
42,1295
42,63
168,454
146,861
88,598
146,598
484,984
22,36
327,564
19,361
182,495
169,96
69,230
77,1071
69,169
69,529
69,648
69,191
29,70
88,388
43,594
409,1108
186,1108
362,46
255,46
409,46
362,984
186,984
38,609
46,427
38,427
69,453
93,258
22,530
221,1164
68,469
38,954
38,305
38,655
39,954
39,305
39,655
48,1083
5,141
5,1277
6,141
154,141
240,289
5,64
156,46
140,330
137,413
88,48
23,680
154,312
22,110
17,1164
404,564
37,49
138,550
38,795
114,861
10,93
10,139
10,10
216,126
6,874
50,48
50,966
50,883
46,574
247,312
362,495
10,655
17,655
84,208
42,694
28,472
169,437
31,19
280,19
30,19
55,70
55,532
110,391
120,848
56,848
19,495
51,694
146,694
60,74
55,571
55,131
175,594
88,7
51,7
146,7
146,353
88,735
51,735
146,735
60,1106
143,1106
70,415
240,415
149,415
118,78
117,674
230,527
128,5
80,109
117,836
117,415
117,1170
305,861
223,861
92,422
48,389
138,545
27,574
139,1235
80,169
44,379
31,46
120,297
1,337
180,918
123,504
32,818
32,141
25,1029
140,509
5,25
6,25
154,25
44,26
44,816
213,26
222,306
22,306
28,496
222,496
22,496
142,507
85,495
349,196
349,95
349,302
35,230
9,674
123,174
21,171
278,297
8,673
154,10
401,680
256,681
12,81
13,81
16,674
140,280
48,280
78,70
227,649
44,649
217,1
55,312
28,443
82,312
46,13
46,88
14,276
195,1071
138,951
88,520
42,553
27,427
272,700
162,608
14,994
25,191
28,1134
28,1134
120,1108
39,486
36,388
169,388
216,226
24,504
112,75
112,38
8,680
149,349
91,187
77,222
309,139
309,1258
157,674
305,312
210,232
168,630
227,733
223,502
11,674
105,984
105,139
77,60
109,239
30,296
168,88
49,862
59,491
216,784
29,784
145,784
256,574
256,187
59,79
18,571
306,115
305,115
140,1296
21,1296
256,18
47,349
78,507
126,502
41,40
110,240
19,138
163,422
46,1083
31,984
280,984
31,681
280,681
230,95
163,622
163,126
163,453
165,1242
77,1267
80,360
128,312
55,504
110,97
49,47
243,554
127,784
19,327
247,327
30,1031
275,700
114,1
123,360
140,350
140,180
42,648
55,1213
8,289
230,275
47,1052
123,784
123,734
88,792
8,1256
8,654
81,130
33,509
117,126
68,861
321,312
121,875
320,1071
94,327
252,591
38,893
30,594
46,898
166,240
166,240
169,375
222,312
41,545
41,187
31,63
17,11
110,5
5,212
85,1108
38,1033
310,109
1,193
36,171
81,141
121,1253
12,1253
13,1253
46,441
28,297
13,388
23,312
106,520
4,727
63,141
421,48
421,70
146,502
60,1171
239,1071
480,348
65,1053
82,1053
85,471
421,471
97,13
22,20
120,20
112,674
36,528
169,528
28,651
78,651
169,30
160,5
69,5
171,5
202,351
93,70
114,139
175,139
169,518
53,495
149,305
180,592
421,101
41,272
309,272
25,272
343,141
22,216
32,431
175,592
36,620
244,10
53,285
149,348
180,655
60,784
72,20
175,93
124,698
88,63
88,96
120,4
36,870
135,870
81,502
175,196
343,226
243,1071
343,105
134,46
176,1071
12,348
124,348
21,283
58,674
91,674
154,701
150,208
12,375
13,375
36,375
265,1071
79,1279
80,1279
156,1279
295,11
243,431
78,126
227,655
110,388
357,64
60,333
71,453
72,453
29,31
164,79
118,74
118,792
13,792
18,951
77,176
81,422
5,806
6,806
154,806
154,351
6,351
5,351
112,240
59,736
59,362
16,490
69,462
9,1
29,417
2,775
80,598
143,47
41,296
9,862
30,1141
30,230
13,296
120,530
49,13
357,102
357,620
357,674
8,966
159,19
81,360
155,360
156,360
79,49
80,49
81,49
156,49
227,490
5,838
5,737
5,874
5,598
6,838
6,539
6,737
6,598
154,838
154,874
154,598
454,836
454,157
454,816
454,838
454,539
454,737
454,874
454,1277
454,598
138,109
44,1135
124,486
19,312
42,312
36,289
36,85
169,85
169,18
169,15
169,289
142,378
314,655
85,655
118,431
1,722
11,655
25,404
10,471
256,707
294,939
134,126
437,609
437,46
437,554
437,495
437,258
119,283
162,283
164,283
116,18
38,360
38,407
39,407
316,736
1,880
91,875
14,1265
112,445
30,445
197,125
197,11
216,564
28,1235
175,984
216,444
55,444
43,444
77,80
55,527
55,222
223,566
221,819
163,25
117,25
2,1112
373,109
38,230
47,304
138,462
204,238
94,230
138,79
240,258
223,95
39,258
280,1083
4,240
118,180
18,406
39,360
222,268
197,171
56,630
158,608
37,80
52,312
52,110
401,62
63,78
117,368
405,141
110,378
106,30
120,1277
281,495
281,96
77,258
149,811
106,385
12,1256
38,1256
137,503
109,898
138,51
480,8
60,400
106,686
80,96
78,24
78,622
39,609
39,734
38,734
149,375
17,504
47,212
47,655
46,1235
88,150
93,1112
239,236
17,491
46,304
171,312
305,12
126,471
202,312
140,138
136,93
217,1131
106,176
10,191
47,180
150,258
17,587
25,96
27,520
18,196
18,806
126,337
126,384
126,190
175,1267
175,1266
84,1171
48,445
166,180
256,81
10,518
157,686
157,812
307,79
30,622
27,870
63,619
200,619
51,619
201,619
110,619
154,619
171,176
227,262
27,262
247,262
227,462
27,462
247,462
227,1071
27,1071
154,680
5,801
142,361
14,32
150,1071
144,312
202,1083
14,674
49,674
49,312
123,193
123,51
123,55
10,528
138,64
176,389
176,389
306,389
216,1108
114,101
18,224
138,566
138,707
55,139
308,704
46,608
46,578
39,518
305,363
24,819
138,19
138,688
138,1075
9,496
114,415
36,284
12,284
78,284
142,284
223,284
225,545
24,495
75,49
149,607
81,681
202,93
166,345
239,191
204,593
112,96
42,654
47,918
5,79
190,55
79,460
47,686
362,504
88,591
178,674
60,503
109,784
99,307
99,422
160,422
210,162
210,126
78,12
114,872
55,5
24,775
114,143
53,31
252,38
55,211
43,211
75,211
158,211
71,211
28,211
1,692
310,1241
9,1241
99,883
216,875
1,283
155,889
155,190
155,109
362,1106
47,1106
10,1106
46,680
36,541
168,66
6,861
6,491
6,115
77,143
70,733
69,733
227,626
124,538
36,848
169,848
135,848
176,258
38,174
73,1268
77,1053
362,1267
46,379
362,674
143,436
239,141
56,787
120,787
239,354
43,530
175,466
180,466
379,312
91,433
77,63
78,413
10,1281
84,46
158,594
75,442
158,442
263,297
202,848
77,453
78,453
77,654
81,350
158,1213
263,62
28,365
156,422
81,109
56,507
28,507
305,1277
193,654
113,11
8,304
275,8
71,413
49,224
55,889
149,648
210,1083
114,495
171,169
194,350
194,193
162,180
68,180
176,433
71,238
256,337
255,530
357,848
5,939
143,337
50,77
154,115
191,209
230,209
199,209
231,209
151,363
151,363
217,553
16,79
55,180
175,20
55,330
72,79
1,258
178,737
210,640
138,983
92,545
6,538
127,79
200,93
82,445
267,297
316,7
65,1277
49,1295
5,538
409,191
136,373
42,502
138,93
106,1301
21,1301
140,1301
84,673
114,312
401,80
53,1125
55,19
55,598
345,918
168,241
82,1108
41,70
178,18
173,571
9,587
16,984
77,361
5,115
38,236
55,445
143,63
77,709
319,681
17,454
345,1265
29,983
110,241
44,390
247,390
143,461
157,136
121,95
121,259
28,648
28,78
256,191
379,49
379,1111
175,578
74,875
42,466
199,630
231,630
409,49
221,1120
106,417
223,683
17,45
125,1052
60,1052
37,547
143,984
143,1171
255,11
18,36
55,208
77,20
1,64
22,592
93,20
216,654
349,63
77,19
174,872
125,423
142,453
14,297
132,4
306,883
49,587
151,692
244,1083
106,378
88,378
79,211
81,211
46,406
373,244
335,564
138,337
18,384
18,700
88,649
13,541
146,437
149,97
149,77
225,36
225,422
82,520
46,490
46,707
216,312
78,429
343,1151
186,18
173,267
160,360
45,413
305,678
78,692
327,300
190,49
190,300
305,79
149,951
143,951
97,297
99,70
147,1141
404,122
49,368
39,8
46,591
55,96
247,453
320,126
343,79
295,75
123,96
165,619
37,433
11,70
401,875
149,1075
1,296
77,81
210,330
5,312
79,78
69,230
77,727
280,1029
88,63
69,427
69,297
84,404
130,244
175,312
21,238
43,110
136,95
252,671
18,180
14,431
14,466
78,95
239,503
16,587
140,365
80,749
81,749
46,12
343,134
25,502
88,143
1,130
320,471
65,522
178,453
18,236
223,77
145,280
272,620
405,554
49,79
118,297
55,360
116,482
150,453
51,441
51,918
7,244
126,429
23,1279
154,1141
265,508
147,93
14,819
343,441
147,13
65,454
24,64
46,109
138,433
173,620
124,15
168,93
53,1141
281,477
174,193
88,389
84,1039
345,64
178,707
320,236
1,918
165,11
55,545
88,379
6,297
83,619
84,619
154,655
230,98
168,297
39,878
39,330
7,1039
150,1195
11,7
2,139
73,139
16,862
84,20
60,360
79,215
79,29
41,504
21,1125
51,1125
54,1125
69,701
29,1120
281,11
55,143
114,363
5,629
154,629
38,629
39,629
149,19
28,312
204,66
21,671
137,872
65,674
201,626
50,63
176,312
158,238
417,671
69,433
56,1120
52,626
345,20
160,445
180,875
180,79
26,49
225,74
156,889
243,649
138,1265
171,593
69,38
11,136
47,136
1,1108
18,872
138,651
305,143
216,378
230,8
24,47
280,594
25,734
308,1120
14,46
127,49
168,703
5,1179
55,469
25,330
25,654
47,462
169,1083
225,654
244,400
146,701
5,495
19,472
65,1
14,472
65,49
31,1123
37,327
142,74
142,79
142,792
142,75
244,11
135,93
25,62
166,427
147,1083
19,389
244,984
139,707
252,875
140,532
345,1108
33,133
38,190
55,1260
29,466
22,630
22,171
150,1108
157,351
157,157
28,82
305,389
50,627
230,62
79,360
88,619
29,5
309,539
105,671
25,520
55,413
1,64
223,150
180,1108
69,25
349,872
38,619
404,640
16,389
143,1151
60,236
38,38
13,1108
121,491
88,495
55,51
46,586
180,109
88,701
168,1086
169,1151
84,566
19,445
73,417
216,7
55,673
83,337
83,655
6,1179
88,138
60,64
71,442
7,427
43,126
145,312
25,1257
46,11
6,442
176,74
176,275
154,520
421,984
255,471
46,502
130,154
65,592
39,312
60,482
216,64
176,466
157,344
60,413
136,489
6,1237
6,836
280,296
1,1260
55,918
294,437
50,880
70,427
175,109
9,25
255,918
25,310
142,707
27,619
38,649
10,731
21,502
49,1075
357,1237
124,1029
18,360
171,490
368,1216
85,1031
140,40
55,384
55,1159
55,1159
55,384
19,136
154,819
154,688
275,312
275,49
42,453
60,196
55,201
280,201
77,1179
110,77
158,193
180,1237
199,522
36,81
53,671
38,154
39,154
52,154
6,297
69,378
178,330
178,312
123,427
138,227
1,18
143,413
60,1158
252,209
21,1135
164,362
37,703
379,518
22,130
18,141
18,1071
32,384
108,19
30,680
216,818
345,101
263,848
24,191
373,412
12,296
256,566
18,1258
116,373
405,226
143,125
183,1108
18,130
68,130
149,79
60,994
128,110
216,97
169,74
46,389
19,422
216,413
34,150
176,490
150,64
50,212
309,1071
79,502
84,208
11,490
52,655
173,240
202,1033
140,471
227,49
23,984
23,193
50,379
91,413
225,19
295,692
138,81
28,1
165,81
86,62
151,471
60,379
159,553
81,40
81,441
47,984
79,354
79,1270
417,406
306,187
239,1235
343,10
108,775
147,1053
121,704
68,95
27,178
168,232
77,232
149,208
168,134
41,412
112,518
43,534
28,534
116,587
171,296
78,480
82,593
69,507
14,578
19,312
6,819
6,571
171,553
145,126
145,139
2,300
437,622
44,267
1,95
373,174
53,417
19,49
19,445
173,4
191,522
44,1108
6,538
357,872
263,1277
308,761
106,444
55,444
168,444
126,444
56,212
112,171
221,704
68,275
55,178
69,761
39,528
33,78
309,707
310,333
265,139
137,527
110,674
319,1107
10,433
10,453
239,297
231,139
405,1171
24,678
118,422
138,126
223,528
182,453
121,453
404,574
55,109
314,1120
5,178
5,19
421,1108
201,45
309,1031
138,64
138,486
7,966
4,141
143,191
55,62
14,330
143,734
23,70
160,70
144,568
169,1108
81,98
37,466
42,1031
143,30
143,29
14,4
81,212
130,504
69,208
7,442
59,442
178,75
116,236
169,38
6,495
180,495
210,241
227,598
191,507
134,502
17,490
28,147
204,95
294,984
88,239
183,775
41,333
227,445
38,626
22,471
222,538
84,78
281,1039
343,96
88,466
201,655
252,180
60,417
417,674
27,208
27,312
117,77
25,95
143,63
36,486
33,169
52,64
81,587
147,848
225,196
56,1086
114,460
379,211
36,870
41,1267
7,495
222,297
88,15
88,289
223,1279
17,1039
63,812
345,330
144,330
305,530
10,95
109,1091
65,1288
13,141
51,96
51,18
262,571
97,571
106,125
43,97
7,62
149,495
421,96
138,306
138,11
138,361
18,12
50,1293
60,609
74,212
6,133
75,82
71,82
6,82
14,389
149,587
118,131
142,95
65,11
18,630
65,259
306,1281
118,97
31,85
39,391
461,391
28,495
43,495
7,4
7,307
68,150
171,239
23,239
252,11
252,1277
252,491
252,96
46,49
125,49
194,495
165,423
117,55
41,1141
309,1141
158,385
75,385
11,504
16,795
140,312
6,176
71,828
421,495
42,898
42,587
123,417
121,467
81,701
81,527
6,417
37,81
71,93
54,18
359,1235
53,18
130,495
130,268
84,1277
84,491
305,651
51,70
19,63
19,93
19,630
55,187
8,306
165,545
165,681
165,609
121,12
204,45
204,378
1,482
1,1236
163,46
182,12
88,206
60,876
343,97
48,222
14,64
14,25
14,297
28,1277
7,300
240,378
80,211
149,98
45,1171
65,480
110,875
23,1120
239,700
112,15
12,520
168,545
79,545
169,131
36,131
362,660
22,1071
136,1277
19,417
69,530
225,258
94,258
27,258
239,258
239,460
145,460
120,226
35,412
191,8
191,46
357,47
158,11
142,736
142,681
136,49
37,211
37,47
38,211
38,47
52,211
52,47
5,8
44,20
37,312
121,296
219,150
219,400
11,388
1,1184
77,651
18,1047
18,453
81,239
6,812
106,101
41,1014
309,1014
88,701
144,466
417,96
19,20
200,11
200,1071
200,1277
200,47
200,244
200,96
46,20
5,211
85,143
59,47
94,46
94,353
240,24
230,25
216,297
46,413
46,75
46,1277
5,1071
5,18
9,836
78,330
276,67
276,1235
46,138
225,96
163,32
59,32
119,32
118,32
117,32
7,32
146,591
51,591
180,284
362,31
362,1014
362,96
146,1014
146,31
51,31
51,1014
53,1014
417,31
417,1014
309,96
309,31
41,31
149,312
138,258
168,101
147,660
65,475
52,20
86,650
86,215
47,297
165,51
125,232
125,502
5,727
88,889
88,109
139,360
139,1075
139,1159
82,1052
82,47
2,1267
14,1120
55,875
55,491
14,224
63,305
256,305
140,736
5,19
33,46
77,95
216,300
6,1260
88,1071
13,141
73,176
73,11
73,74
480,1277
480,491
14,918
88,176
88,11
357,495
149,518
149,422
149,29
149,88
149,101
149,96
149,49
149,289
124,608
13,608
46,227
46,230
117,47
8,674
65,508
65,95
180,187
180,545
191,312
150,11
55,520
88,417
125,330
134,96
130,178
239,11
183,527
124,872
124,453
124,378
190,504
6,872
6,93
176,62
176,1112
280,1111
146,1071
31,1083
33,11
124,491
155,966
223,1277
149,176
345,703
183,703
60,7
60,1071
19,141
178,1184
335,1184
5,761
119,836
175,433
1,406
1,406
7,297
362,11
5,836
5,539
362,388
9,1158
9,1277
9,491
9,490
9,115
173,64
173,486
173,360
79,109
14,312
46,267
59,267
65,333
144,162
81,1184
11,49
31,472
110,49
278,518
23,11
368,412
13,96
13,64
107,19
128,1216
37,95
159,564
60,47
24,11
74,415
7,96
146,171
51,171
88,471
88,226
146,509
51,509
225,598
138,460
36,5
36,460
13,174
12,174
13,98
12,98
13,857
12,857
13,801
12,801
13,1215
12,1215
1,469
1,622
1,208
1,384
1,577
1,95
13,267
13,384
13,812
13,437
13,95
13,1262
19,712
19,1033
19,7
117,469
117,1112
117,622
117,951
117,857
117,362
14,1131
14,454
63,1065
63,232
63,10
63,655
1,1101
1,1301
1,1120
1,1134
63,226
44,592
109,1063
126,62
126,13
10,691
39,302
38,302
52,302
30,302
35,302
49,302
74,138
74,1241
74,445
194,828
117,226
157,1091
157,870
9,224
182,268
37,1268
180,162
33,539
33,818
33,226
33,216
33,209
33,795
74,678
138,460
243,302
140,30
140,154
357,30
357,11
357,471
28,1074
43,1074
222,1074
81,1074
156,1074
268,1063
13,362
12,51
7,51
343,622
117,218
117,81
117,650
79,32
79,174
79,554
79,1195
79,379
79,423
19,1195
227,1258
28,622
43,622
55,622
55,63
41,566
41,630
41,78
41,169
321,206
190,520
190,431
175,180
114,162
114,232
34,712
34,466
34,289
34,26
34,102
34,379
34,353
34,211
34,572
34,564
34,857
34,954
34,307
34,218
34,47
34,1123
34,1112
34,268
34,375
34,830
34,62
34,12
34,77
34,1179
34,85
130,139
130,1215
130,1253
130,520
130,64
130,330
130,180
130,490
130,462
130,486
130,122
130,640
130,823
130,673
130,461
130,651
130,522
130,212
130,300
130,480
130,1301
130,193
130,736
130,363
130,828
130,433
130,373
130,1279
130,1296
130,553
130,811
130,1014
130,564
130,208
130,775
130,577
130,1164
130,150
130,1134
130,951
130,939
130,878
130,447
130,475
130,1106
130,547
130,594
130,333
130,143
130,226
130,1258
130,1277
130,227
130,1083
130,1047
130,38
130,1288
130,88
130,198
130,1213
130,1101
130,792
130,836
130,514
130,415
130,82
130,95
130,368
130,707
130,984
130,1131
130,680
130,305
130,93
130,709
130,880
130,1270
130,141
130,1170
130,620
130,1179
130,529
130,630
130,10
130,801
130,1120
130,819
130,1158
130,417
130,216
70,893
70,712
70,806
70,102
70,1262
70,176
70,530
70,447
70,460
70,283
70,211
70,385
70,378
70,201
70,681
70,1065
70,272
70,1247
120,1158
120,283
120,496
120,365
55,577
55,631
55,1215
55,302
55,67
55,712
55,547
55,239
55,681
55,568
55,691
55,285
175,365
175,444
175,354
175,1262
16,737
121,489
121,1074
121,379
121,951
121,1091
121,1106
121,622
121,1065
121,36
121,572
121,691
142,350
142,1268
142,651
142,162
142,631
142,828
142,480
142,951
142,489
142,201
142,147
142,568
142,272
142,1170
142,1065
63,66
63,157
63,180
63,169
63,80
63,1268
63,520
63,883
63,651
63,105
63,240
63,362
63,736
63,461
63,423
63,538
63,1236
63,1211
63,407
63,553
63,811
63,1134
63,951
63,1063
63,208
63,1237
63,939
63,594
63,761
63,143
63,7
63,437
63,1083
63,787
63,1261
63,1101
63,727
63,1123
63,795
63,707
63,236
63,502
63,1131
63,874
63,206
63,1270
63,1305
63,138
63,24
63,1132
63,630
63,304
63,898
63,691
63,97
63,389
204,700
204,547
204,441
204,36
204,1065
204,147
204,1123
204,994
1,66
1,1253
1,180
1,351
1,178
1,423
1,407
1,60
1,629
1,475
1,226
1,368
1,1257
1,1305
1,1131
1,378
1,1281
1,630
1,566
45,36
45,818
45,102
45,306
45,547
45,26
45,528
45,147
45,385
45,115
45,407
45,284
45,737
45,1216
45,60
45,692
45,30
45,171
45,674
45,522
45,276
45,96
45,285
45,131
45,268
45,400
45,82
45,443
45,592
45,162
45,593
45,1262
45,138
45,688
45,1086
45,572
45,67
45,893
45,870
45,607
45,883
45,795
45,1267
45,857
45,801
45,631
45,1101
45,1033
45,206
45,1063
45,1029
45,417
110,467
216,489
216,951
216,208
216,429
216,1065
216,1247
216,1123
216,681
216,384
106,162
106,469
106,806
106,307
106,437
106,201
106,509
33,528
33,289
33,162
33,26
33,1262
33,883
33,276
33,443
33,30
33,522
33,893
33,407
33,1211
33,60
33,67
33,1063
33,1029
33,857
33,870
33,631
33,547
33,572
33,1086
33,400
33,268
33,306
33,737
33,688
33,1101
33,82
33,607
33,147
33,1033
33,206
33,284
33,674
33,1031
33,593
33,36
33,801
33,1216
33,592
33,692
33,138
33,417
33,171
33,285
343,1268
343,528
343,289
343,591
343,330
343,749
343,848
343,300
343,1075
343,812
343,1279
343,454
343,363
343,503
343,1047
343,475
343,218
343,230
343,648
343,650
343,1247
343,154
343,1281
343,12
343,285
343,620
343,131
343,404
343,126
77,1242
49,1111
49,66
49,1253
49,26
49,1215
49,365
49,784
49,162
49,477
49,1262
49,883
49,482
49,222
49,698
49,848
49,640
49,673
49,749
49,241
49,344
49,660
49,736
49,712
49,4
49,480
49,1301
49,443
49,828
49,307
49,1063
49,176
49,187
49,572
49,1071
49,1151
49,11
49,816
49,534
49,1112
49,422
49,1053
49,174
49,545
49,1101
49,441
49,727
49,1123
49,238
49,442
49,1033
49,874
49,707
49,1305
49,509
49,8
49,412
49,262
49,898
49,541
49,36
49,504
49,51
49,81
49,654
49,487
49,285
49,861
227,1215
227,102
227,857
227,775
227,994
227,688
227,518
227,442
227,1247
227,550
14,838
14,365
14,1242
14,876
14,244
14,872
14,712
14,13
14,609
14,862
14,939
14,67
14,828
14,811
14,475
14,268
14,310
14,1258
14,568
14,354
14,1132
14,554
14,1266
14,1247
14,368
14,209
14,592
14,429
110,361
69,495
55,1170
55,350
55,461
280,429
280,1253
280,467
280,141
273,984
484,539
377,453
377,520
377,88
327,7
327,215
327,373
19,893
19,1270
94,893
94,1
94,63
73,1267
162,688
162,126
114,126
114,1253
9,875
9,861
9,93
9,10
9,838
9,550
10,232
10,63
10,222
10,275
216,861
216,1253
216,691
216,215
216,162
216,453
216,966
216,490
461,215
461,691
461,222
461,453
461,733
46,275
46,198
377,554
377,7
368,861
368,139
6,701
6,384
94,1277
193,272
56,20
175,443
117,300
27,1242
171,680
157,1132
157,1052
157,514
175,1195
10,1132
18,514
68,514
11,1305
27,1132
27,365
19,1305
216,1132
36,1132
110,1305
110,1170
110,1195
47,1195
77,1135
78,1135
78,1242
5,1132
6,1132
154,1132
86,1242
86,1170
86,680
88,365
79,660
116,268
60,327
9,75
25,48
82,622
56,775
227,1
36,391
117,230
63,1125
